   0.0000000000000000     
   1.8328429802856225E-004
   3.9406124076140882E-004
   6.3645472490418231E-004
   9.1520723166837179E-004
   1.2357726144471897E-003
   1.6044228046428303E-003
   2.0283705233678168E-003
   2.5159103999015517E-003
   3.0765812579153463E-003
   3.7213527446312107E-003
   4.4628399543544545E-003
   5.3155502455361847E-003
   6.2961670803951741E-003
   7.4238764404830123E-003
   8.7207422045840269E-003
   1.0212137833300192E-002
   1.1927242806323781E-002
   1.3899613525300910E-002
   1.6167839852124607E-002
   1.8776300127971862E-002
   2.1776029445196198E-002
   2.5225718160004192E-002
   2.9192860182033379E-002
   3.3755073507366944E-002
   3.9001618831500544E-002
   4.5035145954254188E-002
   5.1973702145420873E-002
   5.9953041765262553E-002
   6.9129282328080494E-002
   7.9681958975321127E-002
   9.1817537119647852E-002
  0.10577345198562360     
  0.12182275408149568     
  0.14027945149174856     
  0.16150465351353940     
  0.18591363583859888     
  0.21398396551241725     
  0.24626484463730838     
  0.28338785563093316     
  0.32607931827360170     
  0.37517450031267047     
  0.43163395965759960     
  0.49656233790426807     
  0.57122997288793675     
  0.65709775311915575     
  0.75584570038505761     
  0.86940583974084484     
   1.0000000000000000     
   1.1305941602591552     
   1.2441542996149424     
   1.3429022468808443     
   1.4287700271120634     
   1.5034376620957319     
   1.5683660403424005     
   1.6248254996873295     
   1.6739206817263983     
   1.7166121443690670     
   1.7537351553626916     
   1.7860160344875828     
   1.8140863641614011     
   1.8384953464864606     
   1.8597205485082515     
   1.8781772459185042     
   1.8942265480143763     
   1.9081824628803521     
   1.9203180410246790     
   1.9308707176719195     
   1.9400469582347375     
   1.9480262978545790     
   1.9549648540457458     
   1.9609983811684994     
   1.9662449264926332     
   1.9708071398179665     
   1.9747742818399958     
   1.9782239705548037     
   1.9812236998720281     
   1.9838321601478754     
   1.9861003864746991     
   1.9880727571936763     
   1.9897878621666998     
   1.9912792577954159     
   1.9925761235595170     
   1.9937038329196048     
   1.9946844497544638     
   1.9955371600456455     
   1.9962786472553689     
   1.9969234187420846     
   1.9974840896000985     
   1.9979716294766321     
   1.9983955771953572     
   1.9987642273855528     
   1.9990847927683317     
   1.9993635452750957     
   1.9996059387592386     
   1.9998167157019715     
   2.0000000000000000     
   0.0000000000000000     
